[[1.30875369e+00 1.19146052e+00 1.05902440e+00]
 [2.45488423e+00 2.31492330e+00 2.02944535e+00]
 [2.48994938e+00 2.35993444e+00 2.14102070e+00]
 [2.27459301e+00 2.12666932e+00 1.92922525e+00]
 [1.95469001e+00 1.83109267e+00 1.67655452e+00]
 [1.75294831e+00 1.66142867e+00 1.50426539e+00]
 [1.54815376e+00 1.43707886e+00 1.30526247e+00]
 [1.28209673e+00 1.21294668e+00 1.11343387e+00]
 [9.32957623e-01 8.92200719e-01 8.31500871e-01]
 [6.17104517e-01 5.90667968e-01 5.56860891e-01]
 [3.91424099e-01 3.80304908e-01 3.55971796e-01]
 [2.51741815e-01 2.43785803e-01 2.26329710e-01]
 [1.55771345e-01 1.52106832e-01 1.43540628e-01]
 [9.60392565e-02 9.57505924e-02 9.26375969e-02]
 [5.25096622e-02 5.22125739e-02 5.16006361e-02]
 [2.57793520e-02 2.64722813e-02 2.50749857e-02]
 [8.03099080e-03 8.20452641e-03 7.75915781e-03]
 [2.07027731e-03 2.11913206e-03 2.22662018e-03]
 [8.74188765e-04 8.98734802e-04 7.87169754e-04]]